000000001
110000000
000100001
110000001
101110000
110000000
110000110
101110001
110000001
110000111
101100000
010010111
010000111
110000100
101100000
010000001
010010001
110000000
000000000
011000000
100100000
011000001
100100000
101100100
110001000
000000000
110001001
110110010
000000000
110000010
110000011
011100000
100100010
000000001
011100000
100100010
101100000
010010001
110000000
101100010
000100001
110000010
000000001
110100001
000000001
011100000
100100011
000000000
011100010
100100100
101100011
000101000
110000011
110100110
000000001
011100001
100100110
101100001
010010001
110000001
101100011
000100001
110000011
000000001
110100101
000001001
110001010
000100001
110001011
101100010
001000011
110000101
100001010
100100111
101100101
011101010
100101000
101100101
011101011
100101001
110101010
000001000
001100101
110000010
101100111
010100010
110000011
010010110
110000010
101100011
010000010
110001001
101100101
000101111
010000010
001000100
001000010
110001000
110110010
101100110
010000111
010010110
110000010
101100111
010010111
110000011
101100101
000101111
010000010
001000010
001000011
001000100
110001000
101100111
010000001
110001001
110110010
101100110
010000110
010010110
110000010
101100101
000101111
010000010
001000010
001000100
110001000
101100111
110001001
110110010
000001000
001100010
110000000
101100110
010100000
010010110
110001010
101100110
010100000
010000010
110000000
000000010
110000001
101100010
001110001
110000001
101100111
010110001
001010000
110001001
110000001
101101001
010000111
010010111
110000000
000001011
110001011
101100101
011101011
100101110
000001100
110001011
101100101
011101011
100101101
000001101
110001011
101100101
011101011
100101100
000001110
110001011
101100101
011101011
100101011
101100111
010000101
010010101
110001011
001010000
101001111
101100111
010010011
010000111
010010111
001011001
110000001
110101111
101100111
010000110
010010110
110001011
001010000
101001111
101100111
010010010
010000111
010010111
001011001
110000001
110101111
101100111
010000111
010010111
110001011
001010000
101001111
101100111
010010001
010000111
010010111
001011001
110000001
110101111
101100000
101001111
101100111
010000111
010010111
001011001
110000001
101101001
101010000
000000000
011000001
100110000
101101010
000100001
110001010
101101010
010010010
101010001
101100101
000100001
110000101
101101010
010000110
010010110
010010001
110001010
101100101
000101111
010000010
001000100
001001010
110001000
101100001
110001001
110110010
000000101
110000110
101101000
110010110
000000110
110000111
101101001
110010111
111000000
